Neural Network Details:
   - Population size: 10
   - Max generations: 5
   - Layer 1 input size:  13
   - Layer 1 output size: 64
   - Layer 2 input size:  64
   - Layer 2 output size: 32
   - Layer 3 input size:  32
   - Layer 3 output size: 1
------------------------------------------------------------------------------------------------------------------------------------------------------------------------------------------------------------------------------------------------

Starting evolution...

Best Genome:
------------------------------------------------------------------------------------------------------------------------------------------------------------------------------------------------------------------------------------------------
Layer 1 weights:
[-0.103055 -0.0338598 0.024498 0.148521 -0.0249741 -0.0386449 0.0135562 -0.0631234 0.0496835 0.0234376 0.00553039 -0.0267217 -0.146302 -0.0448684 -0.0182441 -0.104859 -0.0387773 0.0595211 0.0203715 0.0130271 -0.0519703 0.0386166 -0.0229419 -0.0264956 0.00780111 -0.023815 -0.00730209 -0.0795742 0.00133425 0.00789694 -0.0128159 0.0524795 0.00511762 -0.0242346 -0.079686 0.00647391 0.072475 0.00965008 -0.0674298 -0.0584898 -0.00381202 0.00699729 0.00577371 0.00276655 7.59137e-05 0.0368766 -0.00634084 0.126555 -0.000450335 -0.0481834 0.0372922 -0.0560069 0.0577762 0.0576304 0.0368331 0.0527238 -0.0105262 -0.0587304 0.102136 -0.0323883 0.0348079 0.0254022 -0.0316094 0.0140484]
[-0.119495 -0.0381145 0.19628 -0.134775 0.0249499 -0.166316 -0.0675484 -0.16702 -0.00746416 -0.0866091 -0.0112323 0.0449615 0.00483556 -0.0578844 0.0399794 0.00887395 0.0463951 -0.0420346 -0.0353798 0.0540247 -0.064583 -0.0125198 0.0480286 -0.037535 -0.0831605 -0.0132628 0.00509061 -0.0425536 0.0244318 -0.0235504 0.0512458 0.0468474 0.0551785 -0.140329 0.0919973 -0.043062 -0.0122522 0.0595449 -0.0316383 -0.0806552 0.044305 -0.0103241 -0.0380351 0.0563355 -0.0842017 0.0560519 -0.0221661 0.0834462 -0.00397623 0.0795137 0.0264491 0.0302326 -0.0465097 -0.0271831 0.0181889 -0.0419012 -0.0891691 0.0129374 -0.0155411 -0.0965797 0.054796 -0.114044 0.0434509 0.0184321]
[0.0464435 0.00643568 0.14805 -0.140051 -0.163593 -0.0127533 -0.054967 0.0260647 0.0544754 0.0679246 -0.033177 -0.220695 0.0456284 0.0281807 0.0827164 -0.0598973 -0.078933 0.0349831 0.00538328 0.0590833 0.0930948 0.0200673 -0.0787548 0.0376272 0.00700874 -0.0777113 -0.0190188 -0.0407831 0.0108072 -0.0335638 0.0157946 -0.0889693 0.0631142 0.01981 -0.0179404 -0.117458 0.0282844 -0.0412576 0.0648585 -0.0759017 -0.0264753 -0.0847723 0.0560414 -0.0502404 0.0537092 0.0327081 0.00793477 0.0765194 0.00559081 0.209076 0.0345561 0.00547675 0.0512726 -0.101905 0.00641151 0.196315 -0.0334208 0.086565 0.0479179 0.0393126 0.0244791 0.0102355 -0.0939131 0.0710399]
[0.0327945 0.0562743 0.0260036 0.0330974 -0.0304589 0.134925 -0.00175061 0.0762137 0.000234812 0.131114 -0.0348411 -0.00820058 -0.0296063 -0.0293847 -0.0111293 -0.0115322 0.0113779 0.088192 0.0913082 0.0373384 0.00746882 0.0564778 0.0646388 -0.0153629 0.156547 -0.0967586 -0.134723 0.055444 -0.0643227 0.0505132 -0.115032 0.059254 0.133092 -0.0406202 0.0214042 -0.0530328 -0.0160682 -0.0942085 0.0178958 -0.0243206 0.05089 -0.0332347 0.0323234 -0.0449937 -0.0462661 0.0229686 -0.0132685 -0.0335987 -0.0320391 0.000369902 -0.180112 -0.00504946 -0.0303543 0.0743557 0.0209994 -0.0415394 0.0722983 -0.0765187 0.225821 -0.0185759 -0.0506229 -0.0355842 0.10173 0.0445634]
[-0.0466683 0.064255 0.0240966 0.0357675 0.0657031 0.018544 -0.00500658 0.0021333 -0.118018 0.00592192 -0.0178119 -0.00110448 0.0235237 0.0920717 0.00782088 0.0446543 0.0262845 -0.0442407 -0.0383172 -0.0328175 0.109602 0.0264291 -0.00802754 -0.0447826 0.0294658 -0.0067289 0.0578282 0.0206515 0.10383 0.0632668 0.0617359 0.0831917 0.0124959 -0.0410608 -0.0931352 0.000196947 0.065301 -0.0888683 -0.012701 -0.0669244 -0.0518009 -0.0264442 0.00984551 0.0142938 -0.135351 0.0224734 -0.0811204 0.0181356 -0.0363468 0.0137884 0.0762061 -0.0519355 -0.0365035 -0.0540147 0.0173034 0.0275055 0.0270908 0.0299488 0.0751716 -0.0155723 0.0249227 -0.0134114 0.0282514 -0.0038441]
[0.0348047 0.0429479 -0.0344978 -0.01562 -0.0475102 -0.0538454 -0.00442021 6.11292e-05 0.127587 0.0225661 -0.00518775 0.0255503 -0.0372659 -0.0223437 -0.0140487 -0.185687 0.00261132 -0.0492175 -0.0199288 -0.00625665 0.0619314 0.151627 0.0274462 -0.118961 -0.0372203 0.056356 0.06404 0.0162024 -0.0699938 -0.0118625 0.0259444 -0.0458256 -0.0624752 0.018099 -0.112207 -0.0294347 -0.0307597 0.050801 -0.127393 -0.00822041 -0.0233364 0.0856663 0.0592061 -0.0161161 -0.183044 0.13121 -0.0111609 -0.00153769 0.0663237 -0.0421137 0.0283077 -0.0415337 -0.0559956 0.0371222 0.0512298 0.00253611 0.0184142 -0.0312717 -0.0640001 -0.278684 -0.147748 -0.00675717 0.0390388 0.0285546]
[0.023719 -0.017134 -0.00433469 0.0520155 -0.0778265 0.104514 0.0314573 0.0666633 0.0888283 0.0426789 0.14333 0.0813963 0.00774901 -0.00131909 0.0133026 0.113055 0.00316484 -0.0069297 -0.0324478 -0.112051 -0.0079285 -0.0218661 0.0338879 0.0391975 -0.0474046 -0.0806903 -0.138155 0.0209682 0.0908384 0.0319934 -0.0341316 0.00788234 -0.00325632 0.0673384 -0.048025 0.0143083 -0.0513926 0.0409843 0.0780955 0.228258 -0.103057 -0.0155912 -0.0330286 0.030779 -0.0470291 0.0781462 -0.0481453 -0.0263019 0.0223789 -0.0258387 -0.0303246 -0.00376645 0.0562843 -0.153407 -0.0631554 0.0937677 0.0475691 0.028827 0.0999242 0.0783433 -0.0764654 -0.0199119 -0.0374102 0.0687595]
[0.0133334 -0.21783 0.00830285 -0.034191 -0.0302221 0.00626664 -0.0161337 0.0136579 0.034786 -0.0473335 0.0362409 -0.00450982 0.010622 -0.00968123 -0.0264681 0.0251083 0.00877549 0.040249 -0.0139968 0.0693445 -0.0970391 0.000882636 0.0519465 0.03479 0.0452379 0.0578586 -0.0600689 0.0355601 0.0482741 -0.0328473 0.00470548 -0.0164024 0.157232 -0.0757329 0.0626098 -0.101896 -0.00438098 -0.117854 -0.0112868 -0.0672455 0.0158282 -0.0608282 -0.110283 -0.0587311 0.0400101 0.0180187 -0.00327855 0.0726204 -0.009864 -0.0209879 -0.022979 -0.0683606 0.087165 0.065765 0.266511 -0.0943585 0.0354585 0.0734064 0.0321826 0.00705072 -0.0119815 0.0552562 -0.0454768 0.0149226]
[0.0267877 0.0580339 -0.0163205 0.0103925 0.040464 -0.0346982 -0.0204694 0.0514581 0.0621421 0.0341953 0.0237465 -0.0267865 0.0913502 0.0290688 -0.0240399 0.0882166 0.0691773 -0.0304151 0.0309164 -0.0091745 -0.0100601 0.143914 -0.00850033 0.0112749 0.0873551 -0.0139217 0.0522599 -0.0260272 -0.106392 -0.00089211 -0.0758641 -0.0827381 -0.0163252 0.0111526 -0.0709226 0.0820525 0.0368603 0.127119 0.0295028 -0.0315278 0.114146 -0.00521142 0.0802231 -0.0151089 0.00689053 0.00117738 0.0239354 0.138992 -0.0459348 0.0135445 0.0640455 -0.0382093 -0.0178207 0.00232705 -0.0996823 0.0159647 0.04195 0.06832 0.0370973 -0.0128942 0.0435557 0.00838174 0.00503983 0.0628749]
[0.0457865 0.127948 0.0240143 0.0182952 0.0261541 -0.0911848 -0.0367519 -0.00589558 -0.054229 0.0143627 0.0529637 -0.0713596 -0.048582 -0.00412198 0.0083629 -0.0587344 -0.0398873 0.0778134 -0.0842722 0.0166499 0.179096 0.0448971 -0.125029 0.00124528 -0.0651152 -0.0301355 0.0146444 0.0246689 -0.0189761 -0.00845681 -0.0657081 -0.0421226 -0.117482 -0.0156288 -0.0613364 0.0676273 0.206061 -0.0339628 0.0136516 0.0895628 -0.263177 0.0551963 -0.0252095 0.212367 -0.064208 0.0923698 -0.0454828 0.0599682 0.0243912 -0.0932468 0.209252 -0.00710025 -0.201375 -0.00575574 0.103383 -0.0354714 0.0420424 -0.000600577 -0.0783188 -0.0528 -0.135227 -0.031096 -0.00650293 0.0135603]
[-0.0456914 -0.021253 0.128667 0.00188157 0.232543 -0.0163409 -0.0036653 -0.0323181 -0.0139709 0.0198009 0.00680164 -0.0612131 -0.0422608 0.00859139 0.0248497 -0.078223 0.0659214 0.0873185 0.040713 -0.12864 -0.00557767 -0.019873 0.0737659 -0.0936022 -0.0422652 -0.00746937 0.0894054 -0.00763853 -0.0603975 -0.0371602 0.0381017 -0.00232571 -0.0430579 -0.0220205 -0.0626085 0.00874499 0.0889358 -0.0896854 -0.0410521 0.108649 0.00740193 -0.148274 0.0249899 -0.0233734 0.00808508 0.013327 -0.0486468 0.08184 0.0584705 -0.106483 0.02492 -0.0319094 0.052066 0.00664237 0.0961572 0.026442 -0.0328093 0.102731 -0.440018 -0.0885098 -0.0643125 0.0230578 -0.0160891 0.0797091]
[-0.153826 -0.0444468 0.0500928 -0.0743971 0.0607582 -0.0107633 0.031039 -0.0259477 -0.0599704 -0.0394308 0.047236 -0.0576636 0.0632636 -0.0403756 -0.00594681 0.0273105 0.0224523 0.0443822 -0.0472618 0.00450581 0.0313085 -0.0403188 -0.0184012 -0.0126126 0.167625 0.047338 0.0015156 0.163338 0.0333243 -0.0492574 0.267707 0.151914 -0.00710463 0.234855 -0.0159346 -0.206914 -0.0214015 -0.0155757 -0.0887569 0.0235678 -0.0642163 0.0136008 -0.0272417 -0.0703411 0.228758 -0.0175372 0.00524227 -0.120119 0.0126351 0.0581811 -0.0804065 0.0258096 -0.00403827 0.0152541 0.00502661 0.0204529 -0.136965 -0.0166445 -0.0883642 -0.033901 -0.0162455 -0.0515576 -0.00341915 0.0517391]
[0.00517301 -0.0451752 0.0726017 0.0332505 -0.0189335 -0.0306658 -0.0342049 -0.0709602 -0.0310134 -0.0521334 -0.0213849 -0.0204196 -0.0254209 0.0125371 -0.0252559 0.204236 0.0450509 0.00764776 0.137764 -0.0671313 0.131205 0.0889921 0.0314569 -0.0723472 0.0662119 0.0612176 -0.00117515 0.0186109 0.0305069 -0.134462 -0.031012 -0.0158931 0.00987476 0.0250272 -0.0796392 -0.0951008 0.0997177 -0.0156058 0.0752909 0.0701187 0.0147814 -0.0115516 -0.13423 0.0224166 0.0218261 -0.0514757 0.0183748 0.0129958 0.0153311 0.0666115 0.0800882 0.029808 0.0626585 0.02274 -0.00795385 -0.000349429 0.0468118 -0.00300911 0.0463015 -0.0271208 0.102167 -0.0526889 -0.00357254 -0.044337]

Layer 1 biases:
[0.118562 0.095418 0.0866611 0.0657421 0.254302 0.0808149 0.0433207 0.0757509 0.136085 0.0793396 0.0581153 0.0324012 0.122868 0.0820177 0.0941285 -0.0968861 -0.101854 0.0823763 0.172817 0.0331298 0.213738 0.106836 -0.00954969 0.181784 0.0633847 0.207873 0.053711 0.0985084 0.128457 0.125827 0.0905396 0.204726 0.0155488 0.157006 0.0838972 0.0677009 0.104322 0.113298 0.120559 0.126502 0.0593985 0.0798464 0.126378 -0.00170531 0.10451 0.113182 0.0373714 0.113376 0.1213 -0.0197339 0.139959 0.149883 0.204624 0.0888394 0.00278082 0.0213024 0.12856 0.174363 0.0869947 0.153952 0.0623556 0.0660354 0.00310566 0.142094]

Layer 2 weights:
[-0.103055 -0.0338598 0.024498 0.148521 -0.0249741 -0.0386449 0.0135562 -0.0631234 0.0496835 0.0234376 0.00553039 -0.0267217 -0.146302 -0.0448684 -0.0182441 -0.104859 -0.0387773 0.0595211 0.0203715 0.0130271 -0.0519703 0.0386166 -0.0229419 -0.0264956 0.00780111 -0.023815 -0.00730209 -0.0795742 0.00133425 0.00789694 -0.0128159 0.0524795]
[-0.119495 -0.0381145 0.19628 -0.134775 0.0249499 -0.166316 -0.0675484 -0.16702 -0.00746416 -0.0866091 -0.0112323 0.0449615 0.00483556 -0.0578844 0.0399794 0.00887395 0.0463951 -0.0420346 -0.0353798 0.0540247 -0.064583 -0.0125198 0.0480286 -0.037535 -0.0831605 -0.0132628 0.00509061 -0.0425536 0.0244318 -0.0235504 0.0512458 0.0468474]
[0.0464435 0.00643568 0.14805 -0.140051 -0.163593 -0.0127533 -0.054967 0.0260647 0.0544754 0.0679246 -0.033177 -0.220695 0.0456284 0.0281807 0.0827164 -0.0598973 -0.078933 0.0349831 0.00538328 0.0590833 0.0930948 0.0200673 -0.0787548 0.0376272 0.00700874 -0.0777113 -0.0190188 -0.0407831 0.0108072 -0.0335638 0.0157946 -0.0889693]
[0.0327945 0.0562743 0.0260036 0.0330974 -0.0304589 0.134925 -0.00175061 0.0762137 0.000234812 0.131114 -0.0348411 -0.00820058 -0.0296063 -0.0293847 -0.0111293 -0.0115322 0.0113779 0.088192 0.0913082 0.0373384 0.00746882 0.0564778 0.0646388 -0.0153629 0.156547 -0.0967586 -0.134723 0.055444 -0.0643227 0.0505132 -0.115032 0.059254]
[-0.0466683 0.064255 0.0240966 0.0357675 0.0657031 0.018544 -0.00500658 0.0021333 -0.118018 0.00592192 -0.0178119 -0.00110448 0.0235237 0.0920717 0.00782088 0.0446543 0.0262845 -0.0442407 -0.0383172 -0.0328175 0.109602 0.0264291 -0.00802754 -0.0447826 0.0294658 -0.0067289 0.0578282 0.0206515 0.10383 0.0632668 0.0617359 0.0831917]
[0.0348047 0.0429479 -0.0344978 -0.01562 -0.0475102 -0.0538454 -0.00442021 6.11292e-05 0.127587 0.0225661 -0.00518775 0.0255503 -0.0372659 -0.0223437 -0.0140487 -0.185687 0.00261132 -0.0492175 -0.0199288 -0.00625665 0.0619314 0.151627 0.0274462 -0.118961 -0.0372203 0.056356 0.06404 0.0162024 -0.0699938 -0.0118625 0.0259444 -0.0458256]
[0.023719 -0.017134 -0.00433469 0.0520155 -0.0778265 0.104514 0.0314573 0.0666633 0.0888283 0.0426789 0.14333 0.0813963 0.00774901 -0.00131909 0.0133026 0.113055 0.00316484 -0.0069297 -0.0324478 -0.112051 -0.0079285 -0.0218661 0.0338879 0.0391975 -0.0474046 -0.0806903 -0.138155 0.0209682 0.0908384 0.0319934 -0.0341316 0.00788234]
[0.0133334 -0.21783 0.00830285 -0.034191 -0.0302221 0.00626664 -0.0161337 0.0136579 0.034786 -0.0473335 0.0362409 -0.00450982 0.010622 -0.00968123 -0.0264681 0.0251083 0.00877549 0.040249 -0.0139968 0.0693445 -0.0970391 0.000882636 0.0519465 0.03479 0.0452379 0.0578586 -0.0600689 0.0355601 0.0482741 -0.0328473 0.00470548 -0.0164024]
[0.0267877 0.0580339 -0.0163205 0.0103925 0.040464 -0.0346982 -0.0204694 0.0514581 0.0621421 0.0341953 0.0237465 -0.0267865 0.0913502 0.0290688 -0.0240399 0.0882166 0.0691773 -0.0304151 0.0309164 -0.0091745 -0.0100601 0.143914 -0.00850033 0.0112749 0.0873551 -0.0139217 0.0522599 -0.0260272 -0.106392 -0.00089211 -0.0758641 -0.0827381]
[0.0457865 0.127948 0.0240143 0.0182952 0.0261541 -0.0911848 -0.0367519 -0.00589558 -0.054229 0.0143627 0.0529637 -0.0713596 -0.048582 -0.00412198 0.0083629 -0.0587344 -0.0398873 0.0778134 -0.0842722 0.0166499 0.179096 0.0448971 -0.125029 0.00124528 -0.0651152 -0.0301355 0.0146444 0.0246689 -0.0189761 -0.00845681 -0.0657081 -0.0421226]
[-0.0456914 -0.021253 0.128667 0.00188157 0.232543 -0.0163409 -0.0036653 -0.0323181 -0.0139709 0.0198009 0.00680164 -0.0612131 -0.0422608 0.00859139 0.0248497 -0.078223 0.0659214 0.0873185 0.040713 -0.12864 -0.00557767 -0.019873 0.0737659 -0.0936022 -0.0422652 -0.00746937 0.0894054 -0.00763853 -0.0603975 -0.0371602 0.0381017 -0.00232571]
[-0.153826 -0.0444468 0.0500928 -0.0743971 0.0607582 -0.0107633 0.031039 -0.0259477 -0.0599704 -0.0394308 0.047236 -0.0576636 0.0632636 -0.0403756 -0.00594681 0.0273105 0.0224523 0.0443822 -0.0472618 0.00450581 0.0313085 -0.0403188 -0.0184012 -0.0126126 0.167625 0.047338 0.0015156 0.163338 0.0333243 -0.0492574 0.267707 0.151914]
[0.00517301 -0.0451752 0.0726017 0.0332505 -0.0189335 -0.0306658 -0.0342049 -0.0709602 -0.0310134 -0.0521334 -0.0213849 -0.0204196 -0.0254209 0.0125371 -0.0252559 0.204236 0.0450509 0.00764776 0.137764 -0.0671313 0.131205 0.0889921 0.0314569 -0.0723472 0.0662119 0.0612176 -0.00117515 0.0186109 0.0305069 -0.134462 -0.031012 -0.0158931]
[0.118562 0.095418 0.0866611 0.0657421 0.254302 0.0808149 0.0433207 0.0757509 0.136085 0.0793396 0.0581153 0.0324012 0.122868 0.0820177 0.0941285 -0.0968861 -0.101854 0.0823763 0.172817 0.0331298 0.213738 0.106836 -0.00954969 0.181784 0.0633847 0.207873 0.053711 0.0985084 0.128457 0.125827 0.0905396 0.204726]
[-0.0686605 0.0538027 -0.0781632 0.06598 0.0483389 -0.0511361 0.183882 0.0837169 0.0346758 -0.131136 0.00518338 0.0645425 0.0728318 -0.0443315 0.026556 -0.0254391 -0.049806 -0.0574467 -0.012527 0.000749346 -0.0045505 0.0472861 0.0542917 -0.0909855 -0.0343628 -0.0663756 0.0535844 0.0299947 -0.0134149 -0.0364762 0.0177351 0.133287]
[-0.0713492 0.186685 0.00850764 0.0250649 0.0412261 0.0833229 0.0224485 -0.087689 -0.0759247 -0.053893 -0.0391106 0.0168044 0.0185129 -0.0213819 -0.063706 0.000487597 -0.0430262 0.0376151 -0.00792948 0.0333749 0.0088779 0.00580322 -0.155131 -0.0221096 0.0349953 -0.0374962 -0.0295449 -0.0164427 -0.0260747 0.0413392 0.0120614 -0.0988839]
[0.0717868 -0.034207 0.0727359 -0.129262 0.0833411 -0.00375831 -0.177303 -0.0278878 0.0676865 0.0816407 0.0217614 -0.0697316 -0.0410374 0.00960609 0.0189708 0.0628475 0.0348385 0.00431934 0.0258661 -0.0113575 0.00771016 -0.0278739 0.0208903 -0.0613454 -0.019986 -0.116528 -0.00266058 0.037022 0.0266751 0.0599963 -0.0718314 0.0144533]
[-0.0386353 0.0292954 0.00109175 -0.00122436 -0.055859 -0.00653184 -0.00141379 -0.0390641 0.0780552 -0.0910926 0.0409416 0.0707145 0.029701 0.0871447 -0.132224 0.00495306 -0.0206381 -0.0407931 0.0250927 -0.0458514 0.0565981 0.119875 0.0223305 -0.00252711 -0.0315147 -0.0486776 0.0267472 -0.0349493 0.0157517 -0.0425072 0.0282573 -0.0693035]
[-0.0317552 0.0298097 -0.191055 -0.0947884 0.0460013 0.0359512 -0.0514619 -0.0258212 0.037328 -0.0251161 -0.0252717 -0.100699 -0.079782 0.0198644 0.0844751 -0.027543 -0.106952 0.0221395 -0.0149832 0.0522718 -0.0388091 0.0594524 -0.0435675 -0.0477677 -0.0300373 0.00697688 0.00402332 -0.0471022 0.00661309 0.0522732 -0.0767775 0.0378702]
[-0.0312592 0.0711675 -0.0262834 0.00408537 0.0906627 0.0281719 -0.155614 -0.0501539 0.0339722 -0.152767 0.112806 0.0471771 -0.0133088 0.140219 -0.0406183 0.0193659 -0.0189898 0.142217 0.00924269 0.0471098 0.200365 -0.237503 0.0153618 -0.166268 -0.0206772 0.0127761 -0.080523 -0.0134107 -0.0263377 -0.00152175 0.0338592 -0.0375066]
[0.0972124 -0.0527509 0.0652583 0.00921881 -0.0356468 0.0268468 -0.0671735 0.0418473 -0.0539181 -0.000303544 -0.00998363 -0.0322828 0.0358961 0.00877289 -0.0383521 -0.0288468 0.0260552 -0.037048 0.0688525 0.00613844 0.0190063 0.0288583 -0.00247927 0.0212607 -0.0422967 0.00735023 -0.00201069 0.0188112 -0.0900963 -0.0532519 0.0292456 -0.0401637]
[-0.0197651 0.0302529 -0.000983137 -0.0392272 0.0378325 -0.0503323 0.00964858 -0.176087 0.0504278 0.0779298 -0.00714775 -0.0513251 0.0585967 -0.0292418 0.0759386 0.00384349 0.159251 0.0465444 -0.00429327 0.188712 0.0179424 0.0252907 0.0183601 -0.0291275 -0.000601767 0.049566 0.000579491 -0.0381797 0.0290239 0.00877641 0.035539 0.0245519]
[-0.0425572 -0.052847 -0.0100003 -0.000259109 0.0728061 -0.036874 0.00358961 -0.0345601 0.25849 -0.0839436 0.017647 0.0137815 5.95397e-05 0.0416866 -0.07722 -0.064318 -0.137257 0.00890507 0.126844 -0.136477 -0.0687881 -0.0449908 -0.113541 -0.0357072 -0.00662686 0.0714695 0.115954 0.0273322 0.00606262 -0.0886671 -0.222735 0.00305361]
[0.0151925 -0.0148547 0.0218573 0.210034 -0.200924 0.0171754 -0.0105842 0.00116845 -0.0165276 0.0348051 -0.00941299 -0.0154288 0.190147 -0.034014 -0.119835 -0.0892167 -0.0397731 0.0195364 -0.159983 -0.0296689 0.0419447 0.0554398 0.123865 -0.0141125 0.0812973 0.0604339 0.0681841 -0.00266485 0.0626834 -0.0523513 0.00440843 -0.0423561]
[-0.0221317 0.0166598 -0.0538637 0.00416289 0.0263063 0.035494 0.0245309 -0.0181828 0.0191679 -0.0373112 0.0640166 -0.00352924 -0.102576 0.0284408 0.0255718 0.0446445 -0.263028 -0.0503793 0.0238469 0.0082927 0.00888654 -0.196198 -0.00726733 0.0612099 -0.0481299 -0.0576302 -0.0313041 -0.0414547 0.114223 -0.0173915 -0.0406369 -0.0471586]
[-0.0258937 0.0265132 -0.104439 -0.134014 0.0348401 -0.0309237 0.0779488 -0.0248208 0.0239919 -0.0524126 -0.0654517 -0.0334057 0.0514515 0.0223258 0.0602319 -0.0121532 0.0451139 0.00787371 -0.00863666 0.0211998 -0.0199066 -0.00880714 0.0424256 -0.120511 0.332194 0.00379995 -0.00178832 0.0603227 0.053378 0.0573133 0.00086411 0.103152]
[0.235768 0.136004 -0.0458231 -0.0807349 0.0418292 -0.0182755 0.056283 0.0559115 -0.0413298 0.0245991 0.101284 0.000577609 0.114244 0.0371066 0.0329195 -0.000510583 -0.0104167 0.0065226 0.113541 0.047131 -0.0171491 0.0730148 -0.0819489 -0.127665 -0.14168 -0.0762966 0.00900983 -0.0666714 -0.0828184 -0.0990889 -0.0536317 0.0422881]
[0.00231003 0.0533595 -0.0285845 0.216185 -0.0702882 -0.0363975 -0.0439402 -0.0376579 0.106352 -0.136232 0.00967543 0.0273236 -0.03878 -0.0410633 -0.0220044 0.0122778 -0.0286709 0.0982207 0.0172505 -0.0423816 -0.00132902 -0.0720656 0.0648155 0.105235 -0.0516415 0.0191469 -0.0816084 -0.0997773 0.0410706 0.0788709 0.0366941 0.0501495]
[-0.0307357 0.0229255 -0.166383 0.0203259 0.0155491 0.0281422 0.132359 0.050879 -0.0463141 -0.0171667 -0.0484519 0.0565703 0.0333359 -0.132996 -0.0355956 0.0152089 -0.00170348 -0.00959833 -0.0225304 -0.0218188 -0.0192966 -0.0814433 -0.00772016 -0.032483 0.13029 0.037131 -0.0516769 0.00694424 -0.0599282 0.149179 -0.0635296 0.095836]
[0.0617035 0.00771605 -0.0115222 0.0218371 -0.0156839 0.0125582 0.0197681 0.0126657 -0.0643713 0.0127786 0.0555678 -0.170353 0.113316 -0.0282368 0.0255601 -0.0055219 -0.0705797 -0.0392255 -0.0412359 -0.0209078 0.0160819 0.012299 0.00815967 -0.0535255 -0.0518055 0.0954896 0.0171112 -0.0603807 0.143465 0.0781085 0.042955 -0.119526]
[0.0873109 0.017719 0.0565526 0.0102024 0.0424144 0.0999638 -0.00404147 -0.0971568 -0.0408301 0.21616 -0.0181203 0.0755753 0.0675162 -0.00312019 0.0332079 0.0268058 -0.0180845 -0.0757935 0.0497076 0.0712854 -0.117379 0.034879 0.0683498 0.0109016 0.0647989 -0.0381619 -0.0199419 0.0480234 -0.0434568 0.0121291 -0.0577447 0.0721091]
[-0.0314705 -0.0364513 -0.0640518 -0.0573565 0.0584201 -0.103569 -0.165756 0.142867 -0.00953232 -0.0588502 0.0308618 -0.171681 -0.040128 0.00771284 -0.00328289 -0.0370709 -0.0312195 -0.028256 -0.0451084 -0.0379905 -0.110658 0.0202143 0.0105387 0.0888197 0.0164389 0.0577517 0.113341 -0.0341392 -0.0326945 -0.068688 -0.0311691 -0.0686798]
[0.0632335 -0.144891 -0.0225805 0.0157154 -0.0914583 0.0539483 0.190626 -0.078633 0.00305953 -0.0750101 0.0940889 -0.0463337 -0.00435062 -0.127203 0.00178897 0.0238269 0.0153331 0.169102 -0.036836 0.0346422 0.0281228 -0.015458 0.107096 0.0391804 -0.011661 0.0159819 0.00161607 -0.154267 -0.00938365 -0.023699 -0.0887653 -0.0298276]
[0.0381231 -0.0465281 -0.00237416 -0.00801215 -0.0742479 0.00348931 0.0491093 -0.0256573 0.00566955 0.0744399 -0.00080877 -0.00557398 -0.0246415 0.0112168 0.0215876 0.00603689 0.0570392 0.0178436 -0.00557975 -0.0417803 -0.0528015 0.0261361 -0.0549979 0.00292613 -0.00400009 -0.00243939 -0.15437 -0.0310388 0.0206256 -0.00997616 0.0628683 0.0732904]
[-0.0451907 0.0479596 -0.107003 -0.0844374 0.0352147 0.0388634 0.231261 -0.02983 -0.0382567 0.0644969 0.0531476 -0.0189154 0.102688 0.0143171 0.0130015 0.353196 0.0492557 -0.127777 0.122761 0.0136964 0.130021 0.00977725 0.306278 -0.00698112 -0.0130585 0.012111 -0.143423 -0.077399 -0.0203496 -0.0445261 0.0106655 -0.0834613]
[-0.00430672 -0.000351075 -0.00589947 -0.00112204 -0.0506679 0.041703 0.0180114 -0.00263206 -0.0314685 -0.0287954 -0.0256729 -0.0515461 -0.063099 -0.103952 -0.0920936 -0.00142414 0.0190661 0.0550966 0.0113441 0.0334696 -0.0577758 0.0228644 0.0169582 -0.0231742 -0.00240457 -0.070013 -0.0911599 -0.0973041 -0.0554135 0.00535728 0.0617973 -0.0350167]
[0.00606931 -0.0950413 -0.0467807 0.0483204 0.0176069 0.00589461 0.109863 -0.0765042 0.0836362 -0.0220997 -0.0574595 0.0541926 -0.0753646 0.0158588 0.0246644 -0.0538801 0.0358909 0.0341284 0.0516976 -0.0294129 0.0189273 -0.061767 0.00595461 0.0180625 -0.044629 -0.03214 0.13294 0.0562053 0.0204658 -0.0792583 0.0875052 -0.144593]
[-0.0140927 -0.013004 -0.0170017 0.0859978 0.059558 -0.0202914 -0.0430969 0.0030585 0.109512 -0.0330065 -0.0524213 -0.00833321 -0.12369 -0.082522 -0.106174 -0.0164948 0.0104524 -0.0208763 0.0150221 -0.0373016 0.0705828 -0.0481081 0.0320057 0.0188701 0.0466423 0.0607346 0.0591344 0.00752407 -0.0833787 0.0171908 0.0755616 -0.0602181]
[-0.0369036 -0.0158295 0.090511 0.0446218 -0.0316266 -0.0506052 -0.0193598 0.187051 -0.0326244 -0.111213 0.0479438 -0.0499974 0.0773604 0.0312267 0.0135862 -0.027049 -0.0312379 -0.0383044 -0.161807 -0.0226601 0.0205427 -0.0329792 -0.0318997 0.0196558 -0.0278474 0.0762417 -0.0477623 0.00913798 0.0773824 -0.0630356 -0.003546 -0.0449801]
[0.0317693 0.0319989 0.142266 0.0317824 0.0524791 0.0179596 0.0604873 -0.0102167 -0.0485061 0.00105714 -0.0730928 0.00145058 0.0252116 -0.0555503 0.0298954 0.0911136 0.0104294 -0.00818493 -0.00906695 -0.00294025 -0.0382834 -0.0225746 -0.0245003 -0.0367438 0.0165036 -0.016023 0.0282846 -0.0330855 -0.0452558 -0.169666 0.124384 0.020478]
[-0.0388128 0.0916424 0.0570452 -0.0637818 -0.0366852 -0.0528717 0.0562583 -0.0451359 0.0520674 -0.034994 0.0031742 0.197949 -0.092321 -0.216004 0.104988 0.00516908 -0.00970318 -0.000476906 -0.0615421 -0.0169106 -0.103435 0.088919 0.05605 -0.0319913 -0.00448422 0.0795493 -0.0446677 0.0147299 -0.00274591 -0.104949 0.00686956 0.0403671]
[-0.219207 -0.0477695 0.0145273 -0.0104412 0.0543648 0.00210096 0.0177087 -0.0812756 0.105455 0.0559351 0.0565533 -0.0367191 -0.295918 -0.0424263 -0.0226589 0.0108725 -0.0143884 -0.0199453 -0.00819617 0.0155824 0.0101519 -0.0416083 0.0741654 0.059039 0.0190376 -0.0814622 -0.238465 -0.141192 0.0451359 0.0610709 -0.0133866 -0.0346458]
[0.0142791 0.0460198 -0.0206738 0.00369447 -0.001012 -0.0276255 0.109096 -0.00294215 -0.0652811 -0.102802 -0.0116356 -0.0449065 -0.00930946 -0.021303 -0.0765276 0.0587282 -0.0425608 0.00207452 0.121382 -0.0137552 -0.107294 -0.00883233 -0.0371544 -0.0358789 0.0676056 -0.022059 -0.0560178 0.000406464 -0.0228101 0.0153671 -0.0710494 0.281301]
[-0.000409493 -0.0246457 0.101508 0.0270224 0.117896 -0.0526554 -0.0727108 0.00568699 -0.106209 0.0344202 0.243819 -0.00791777 0.0266087 -0.0989336 -0.364752 0.0339433 -0.0109816 0.0834824 0.0201624 -0.0143172 0.0661922 -0.0244509 0.0426255 -0.0319491 -0.0282938 0.000861121 -0.0843335 -0.0661139 -0.0515175 -0.0398903 -0.0104366 0.0590431]
[-0.116474 0.0463352 -0.0214504 0.0432376 0.0407107 0.155509 0.016755 -0.106291 -0.0421433 -0.0470235 -0.0147557 -0.0767372 -0.0838394 0.00360974 0.021128 -0.0609297 -0.0698169 0.031254 -0.0777659 -0.0623879 0.0247306 -0.0265921 -0.020915 -0.0435814 0.027346 0.00241986 -0.131566 0.0533394 -0.00639968 0.0782631 -0.0233992 0.0215314]
[-0.11682 0.0528315 0.0670738 0.0791067 -0.11747 -0.053531 0.0909604 0.0311356 -0.0240211 0.116543 0.0995553 -0.0562794 -0.0120989 -0.0199277 -0.0911684 0.0426057 -0.0256762 0.0872116 -0.0224871 0.0213705 -0.023337 0.0475627 0.00463668 -0.0377942 -0.0176321 -0.0504705 0.12159 0.0701618 0.0297858 0.0271314 0.0101954 0.211671]
[0.0590578 -0.134059 -0.0295054 0.0605573 -0.0352133 -0.0767349 -0.0204064 -0.0207624 0.02473 0.00456992 -0.0698309 0.0479233 0.00645777 0.00431461 -0.270839 -0.0675862 -0.0154152 0.0140596 -0.0264717 0.0021169 -0.0129748 -0.0932967 0.111001 0.0199728 -0.105707 0.0367978 0.0249118 -0.172407 -0.0336353 -0.0543517 0.00694086 -0.0102427]
[-0.0382641 -0.0716256 -0.0459627 0.0807168 -0.038177 -0.0908129 0.00254648 -0.203407 -0.0550935 -0.0678691 0.026716 0.026202 0.0863394 -0.0267053 -0.0135638 -0.0860567 -0.0231041 -0.079945 0.061158 0.122742 -0.179638 -0.0178398 -0.00938892 -0.0406902 0.165847 -0.0206565 -0.00837666 0.0209203 0.0893156 0.062966 0.0296529 0.0375607]
[-0.0414773 0.0139397 -0.0715822 -0.135209 -0.110394 0.0332262 -0.0140848 0.0286486 0.0557957 0.134496 -0.0552469 0.0408886 0.0926657 0.0147652 -0.00091055 -0.160977 -0.103204 -0.00613256 -0.0189126 0.0277285 -0.181955 0.145391 -0.0873303 -0.0184429 -0.0467557 -0.101565 -0.0412087 -0.0358236 -0.0480527 -0.00191345 0.018518 0.0789528]
[0.00983324 0.0245746 -0.0755843 -0.0696839 -0.0512981 -0.00636707 -0.0664014 -0.0194649 -0.0559377 0.0562412 0.00669773 -0.00699642 -0.0913826 -0.0606143 -0.00575272 0.0961664 -0.0207462 -0.0373998 -0.048575 0.00419156 0.101044 -0.0332859 -0.0612948 -0.0582053 0.000169654 0.0546405 0.0225589 -0.230172 -0.0485569 -0.124539 -0.00169509 0.0241407]
[-0.061983 -0.0658382 -0.12389 0.0176756 -0.0651934 -0.0526942 -0.0279508 0.0772677 -0.0423262 -0.0525314 0.0166145 0.0806025 -0.051944 -0.0271406 -0.00947793 -0.0695785 -0.0559853 0.0179123 -0.0132744 -0.00525596 0.0435221 0.0456917 0.0901208 0.0280117 -0.00108214 0.0286604 -0.00292442 0.0200842 -0.0331935 -0.0169861 0.0215973 -0.0093162]
[-0.00654302 -0.0186679 0.0895785 0.0273688 0.0126635 0.0211753 -0.0132321 0.0420594 0.0412483 0.116062 -0.100758 -0.182902 0.0838526 0.052253 0.0792347 -0.0768612 -0.0263117 0.0275904 -0.124096 0.0309024 0.0986629 0.302555 -0.0570312 -0.0493296 -0.026042 0.0110853 -0.0228224 -0.0581806 0.0108923 0.035854 0.0664809 0.0163452]
[-0.0278932 -0.0693485 0.0726082 0.0638399 0.0769341 -0.0591389 0.166529 -0.0103443 0.0133952 0.087347 0.0744246 0.0559091 0.0706233 0.0334216 -0.0195522 0.128932 -0.0449607 -0.0408529 0.0210284 -0.112423 0.0461145 0.0396263 -0.0346234 0.0285359 0.0362392 0.0103762 -0.0649927 0.0150763 0.0283608 0.0269157 0.0999998 0.0722144]
[0.149735 0.00439122 -0.0369906 0.00364411 -0.0391448 0.0138535 0.073474 -0.0450727 -0.129844 0.0259127 -0.0491577 0.0203576 0.0661206 -0.0253409 -0.0333786 0.144111 -0.122577 0.0133078 0.0614483 0.129957 0.105573 -0.0996112 -0.00205972 -0.0411816 0.0624307 -0.146613 0.0472599 -0.0905217 0.11719 0.0959627 -0.067922 -0.00596053]
[-0.022407 -0.0363115 0.0621979 0.134288 0.00419166 0.215656 -0.056127 0.0303611 0.0812265 -0.0395672 -0.0880072 0.129925 -0.0140324 0.0234311 -0.0523208 -0.0434859 -0.0523092 -0.0421283 -0.224348 -0.0271116 -0.0311663 -0.0474123 0.0233441 0.0090692 0.00669838 0.0466422 0.160312 0.0381751 -0.0185767 0.0265711 0.117883 0.102165]
[0.0193102 -0.0270603 -0.012868 -0.0185232 0.0310964 0.0363358 -0.0322246 -0.0106619 0.0103865 0.000783751 -0.0395162 0.104705 0.0747499 -0.0298704 -0.0979232 0.111047 -0.136907 0.0658373 0.0414028 0.122834 0.0400416 -0.00503339 -0.0871525 0.00385627 0.0628843 -0.0628447 -0.0173724 -0.00514533 -0.0348566 -0.0312469 0.134128 -0.155004]
[0.0362829 0.11218 -0.0501421 0.0342163 0.0659805 0.0517298 0.0122544 0.0314367 0.0278995 -0.269481 0.052326 -0.0564485 -0.0095563 0.0462519 0.0757673 0.0804856 0.015215 0.0321471 0.191049 0.0248892 0.0181795 -0.0497332 0.0610408 0.110726 0.0673445 -0.036628 -0.00386203 0.00846539 0.0248124 0.00493333 0.00978219 0.0099505]
[0.0406644 0.00698174 0.0598352 -0.0141136 -0.0287868 0.121577 -0.0429668 0.000846322 0.0602037 -0.0143304 -0.0514822 0.0478334 0.055547 -0.00881208 0.00870281 -0.0495208 0.0442083 0.0266181 -0.0522998 0.0715209 0.00257837 -0.0484423 0.0870248 0.0625444 0.0152656 -0.0643058 0.0136016 -0.019113 -0.0810925 -0.05333 -0.0403876 0.00662062]
[-0.126917 -0.0826691 0.112788 -0.00599212 -0.0789401 0.0439346 -0.0207093 0.0254151 0.00972564 0.015743 -0.018317 -0.0920612 0.0326837 0.0588627 -0.0147606 -0.0208535 0.101833 0.143317 0.00550022 0.0664502 0.0442938 0.0428301 0.0796132 -0.00634851 -0.0752937 -0.0655015 0.0141823 -0.0323408 0.0442909 -0.0550366 0.016269 -0.0973454]
[-0.00887358 -0.0513904 -0.0829808 -0.17048 -0.00520693 0.000275311 0.0410129 0.0218844 0.0363728 -0.102869 -0.0210055 -0.16591 -0.0416868 0.00530778 0.0260089 0.0210462 -0.0295278 -0.0908258 -0.112664 0.0473333 0.00302207 -0.046308 -0.0913706 -0.0276179 -0.0589453 -0.18719 -0.0145297 -0.000417241 -0.0326453 -0.0353442 -0.154597 -0.127613]
[0.0349808 -0.0656968 0.159088 -0.0162189 -0.166262 -0.179252 0.115907 0.0353933 0.126604 0.0170336 0.0767895 0.0413047 0.286877 0.0453868 -0.0411985 -0.0258729 -0.0251697 0.0641438 0.00738049 -0.0591078 -0.0475313 0.0329959 0.157272 0.0689229 0.0170189 0.0888589 0.0317364 -0.0742667 -0.00141518 0.0843272 -0.0216826 -0.0372511]
[0.0156192 0.0979781 0.0426903 0.0803916 -0.188822 0.0134948 0.0127821 0.021869 -0.0665953 -0.00715654 0.0590071 -0.0286224 -0.0506777 0.0976696 -0.0304528 0.0274754 0.0111791 -0.0780279 0.0341076 0.110348 0.105 -0.0582097 -0.00480466 0.13648 -0.0329399 -0.033964 -0.0407955 -0.0596053 -0.099782 0.0203655 -0.0284371 0.0662197]
[0.111757 0.0100726 -0.0861515 0.0845781 0.00328185 0.00469776 -0.0509074 -0.0238009 0.239405 -0.0433536 0.0999808 0.0333819 -0.0610194 0.0294641 -0.0352861 -0.0407835 -0.0523 0.0239462 0.156648 0.113983 0.086441 -0.11885 -0.0423525 0.0867489 0.078445 -0.153859 -0.132189 -0.0334514 0.00288584 -0.0753988 -0.0321348 0.0347823]
[0.0913632 0.0571088 -0.0529292 -0.00746893 0.114022 -0.000192389 0.20584 -0.0335263 0.0590924 -0.00633947 -0.0235839 0.0154936 -0.00560937 -0.0174607 0.0589643 -0.0123454 -0.0520494 -0.17318 -0.0272622 -0.0469749 0.00657048 -0.0427843 -0.0359657 -0.000540776 -0.100403 0.197452 -0.188739 0.0150426 -0.0176033 -0.0607601 -0.0156391 0.0547048]

Layer 2 biases:
[0.00140635 -0.0332251 -0.0584564 0.0468914 0.0187289 -0.0361493 -0.00431827 0.0650053 0.0202742 0.10556 -0.0544889 0.144177 0.0180943 -0.0632855 0.0794956 -0.049958 0.0329483 -0.262214 -0.0152227 -0.052096 0.072657 0.00450887 -0.00182521 0.00168752 0.0576913 0.0381674 -0.0235937 -0.00470539 0.058586 0.112345 -0.00974819 -0.0364709]

Layer 3 weights:
[-0.103055]
[-0.119495]
[0.0464435]
[0.0327945]
[-0.0466683]
[0.0348047]
[0.023719]
[0.0133334]
[0.0267877]
[0.0457865]
[-0.0456914]
[-0.153826]
[0.00517301]
[0.118562]
[-0.0686605]
[-0.0713492]
[0.0717868]
[-0.0386353]
[-0.0317552]
[-0.0312592]
[0.0972124]
[-0.0197651]
[-0.0425572]
[0.0151925]
[-0.0221317]
[-0.0258937]
[0.235768]
[0.00231003]
[-0.0307357]
[0.0617035]
[0.0873109]
[-0.0314705]

Layer 3 biases:
[0.0632335]

------------------------------------------------------------------------------------------------------------------------------------------------------------------------------------------------------------------------------------------------

Time taken for evolution: 0 hours, 0 minutes, 15 seconds, and 166 milliseconds

Performance of the best weigths and biases:
Best Genome loss: 0.685154
Best Genome accuracy: 69.56%

